0,33,2,9
0,31,2,7
0,28,4,6
0,27,3,2
0,29,2,7
0,27,2,4
1,30,2,2
0,28,1,3
1,26,3,4
0,33,2,8
0,26,2,4
1,33,2,10
0,26,6,3
0,26,3,3
1,25,2,3
0,28,3,5
0,31,5,9
0,28,2,4
1,27,2,5
1,35,5,13
1,27,2,4
0,35,3,6
0,35,4,6
0,32,3,6
0,31,4,1
0,31,2,3
1,30,4,7
0,30,3,6
1,32,3,8
0,32,,5
0,34,3,4
0,29,3,4
0,31,3,3
0,29,4,0
0,27,4,4
0,30,2,3
0,28,3,4
0,27,4,3
0,32,7,7
1,29,3,5
0,27,4,0
0,26,5,1
0,26,5,2
1,30,2,7
1,29,3,6
0,34,3,2
1,28,,5
0,25,4,1
0,27,5,1
0,30,4,1
0,28,2,4
0,31,2,1
0,26,5,0
1,26,2,3
0,30,3,1
0,26,6,1
0,26,3,0
0,25,3,2
0,27,5,0
1,29,3,6
0,25,2,2
0,25,3,1
0,27,5,1
0,26,4,0
0,25,2,1
0,27,2,3
0,27,3,1
0,26,2,2
0,29,4,6
0,30,3,5
1,29,2,6
0,25,6,2
0,28,6,2
1,31,3,8
0,23,5,0
0,26,2,0
0,32,5,8
0,34,3,7
0,30,2,4
0,27,6,4
1,33,2,9
0,27,3,4
1,32,3,8
0,26,2,0
0,35,5,9
0,27,5,2
0,27,3,4
0,32,2,7
1,28,4,5
0,27,2,4
0,26,5,2
0,29,2,6
1,30,3,7
0,33,5,7
0,33,3,2
1,31,2,7
0,25,2,2
1,28,3,4
0,27,6,1
0,29,2,0
0,30,4,5
1,26,3,4
0,31,2,6
0,28,3,4
0,25,3,2
0,25,5,1
0,25,4,2
1,25,2,3
0,27,4,4
0,31,2,6
0,24,4,1
0,23,3,0
1,30,2,6
0,25,3,2
0,30,4,7
0,30,5,3
0,30,2,2
0,31,3,4
0,34,5,11
0,28,2,0
0,23,5,0
1,34,2,11
0,25,2,2
0,23,4,0
1,26,3,3
0,30,5,5
0,29,4,2
0,31,2,7
0,24,2,2
0,32,3,0
1,25,3,2
0,25,2,2
1,26,3,4
1,32,4,9
0,25,2,2
0,23,3,0
0,25,3,2
1,32,6,7
0,30,2,3
0,27,6,1
0,26,3,1
1,35,2,12
0,35,4,8
0,29,2,2
0,31,2,8
1,29,2,5
0,28,3,0
0,30,5,7
0,27,3,0
0,33,5,3
0,32,5,3
1,26,2,2
0,25,3,1
0,28,5,5
1,26,3,3
0,26,2,1
1,27,3,5
1,33,1,0
0,31,5,1
1,25,3,0
1,24,3,1
0,24,3,1
1,25,2,2
1,26,3,3
1,26,3,3
1,33,6,9
1,35,2,13
1,35,6,12
1,32,2,2
0,34,6,5
0,31,2,5
1,26,3,3
0,25,3,3
1,27,1,3
1,31,2,7
1,29,3,6
0,27,3,5
1,29,3,6
1,28,3,5
1,28,2,5
1,31,2,7
0,27,2,4
0,25,1,3
1,30,6,8
0,30,3,8
1,26,2,3
0,36,4,9
0,36,4,9
0,31,3,9
0,36,3,6
0,34,3,3
1,32,5,9
0,41,6,5
1,33,1,2
0,35,2,5
1,30,2,5
0,29,3,5
0,29,2,6
0,29,2,6
1,34,2,3
1,30,5,7
0,33,3,10
0,29,4,5
0,43,4,5
0,25,6,2
0,30,5,0
0,32,3,6
0,30,2,6
0,30,2,6
0,27,3,4
1,32,2,7
0,36,3,8
0,37,3,13
0,34,4,9
1,35,4,8
0,31,2,3
0,24,3,0
0,31,3,8
0,35,4,3
1,30,1,6
0,34,5,9
0,33,1,10
0,32,2,9
0,30,5,6
0,36,2,9
1,40,4,16
0,34,3,0
1,31,2,5
0,31,3,1
1,30,4,7
0,27,3,2
0,26,3,2
0,30,3,1
0,34,6,1
1,26,3,2
1,27,3,4
0,30,3,7
1,29,1,1
0,30,3,7
1,28,3,5
1,25,2,2
0,27,3,4
0,27,5,3
