0,1,31,3,549,8,1
0,0,29,3,1700,5,1
1,1,30,5,7900,7,1
0,1,29,2,4080,6,1
1,1,30,3,486,7,1
1,1,31,6,3687,6,1
1,1,35,2,1000,6,1
1,1,32,4,130,10,1
0,0,30,5,120,7,1
0,1,34,3,100,11,1
1,1,30,2,20,1,1
0,1,36,5,11000,13,1
0,0,31,3,5729,7,1
0,1,34,2,700,9,1
0,1,41,2,342,13,1
1,1,33,3,300,8,1
0,0,28,3,2500,5,1
0,0,30,5,2200,3,1
0,0,30,4,60000,1,1
0,1,40,5,2200,14,1
0,0,41,5,1517,16,1
0,0,34,4,905,8,1
0,1,40,4,793,17,1
1,1,37,4,250,14,1
1,1,41,4,,17,1
0,0,27,5,3050,4,0
0,0,28,3,50,2,0
0,0,31,4,5,5,0
0,0,31,2,250,1,0
0,0,32,5,870,5,0
0,0,24,1,2660,2,0
0,1,34,2,2000,3,0
0,1,34,2,20,2,0
0,0,49,4,10000,7,0
0,1,34,3,200,1,0
0,0,36,2,100,0,0
0,1,33,4,80,2,0
0,0,26,4,6000,3,0
0,0,31,5,110,1,0
0,0,23,3,,0,0
0,0,26,4,50,0,0
0,0,24,4,1836,0,0
